В каждом блоке следующая логика:
1 строчка - создание АВЛ-дерева
2 строчка - элементы, которые нужно удалить
3 строчка - добавить элементы
4 строчка - найти элементы
----------------------------
1 2 3 4 5 6 7 8 9
4 5 8
10 4 5
8 3 1
----------------------------
10 19 18 17 16 15 14 13 12 11
15 16
100
1 10
----------------------------
100 50 27 75 10 33 66
99 10
2372
88 66
----------------------------
10 -10 5 -5 2 -2 0
5 -5
7 -7
5 -7
----------------------------
1000 1001 1005 999 567 8333
888 666 999

1000
----------------------------
2372 2373 2374 2375 2376 2395
2372
2372
2372
----------------------------
555 444 666 333 777 222 888 111 999
666 101
665
888